4 -1 #SUP: 1
5 -1 #SUP: 1
8 -1 #SUP: 2
9 -1 #SUP: 3
10 -1 #SUP: 1
11 -1 #SUP: 2
12 -1 #SUP: 728
13 -1 #SUP: 728
14 -1 #SUP: 2
15 -1 #SUP: 1
17 -1 #SUP: 1
18 -1 #SUP: 2
21 -1 #SUP: 1
22 -1 #SUP: 1
23 -1 #SUP: 1
25 -1 #SUP: 1
32 -1 #SUP: 727
33 -1 #SUP: 354
37 -1 #SUP: 1
38 -1 #SUP: 1
40 -1 #SUP: 1
41 -1 #SUP: 1
43 -1 #SUP: 1
44 -1 #SUP: 1
46 -1 #SUP: 1
47 -1 #SUP: 1
50 -1 #SUP: 307
52 -1 #SUP: 1
53 -1 #SUP: 1
55 -1 #SUP: 1
56 -1 #SUP: 1
58 -1 #SUP: 1
59 -1 #SUP: 1
61 -1 #SUP: 1
62 -1 #SUP: 1
64 -1 #SUP: 1
65 -1 #SUP: 1
67 -1 #SUP: 1
68 -1 #SUP: 1
70 -1 #SUP: 1
71 -1 #SUP: 1
72 -1 #SUP: 1
73 -1 #SUP: 295
74 -1 #SUP: 1
76 -1 #SUP: 1
78 -1 #SUP: 1
79 -1 #SUP: 1
81 -1 #SUP: 1
82 -1 #SUP: 1
84 -1 #SUP: 1
86 -1 #SUP: 1
88 -1 #SUP: 1
89 -1 #SUP: 1
90 -1 #SUP: 3
91 -1 #SUP: 3
92 -1 #SUP: 1
93 -1 #SUP: 40
94 -1 #SUP: 1
95 -1 #SUP: 1
96 -1 #SUP: 1
98 -1 #SUP: 1
99 -1 #SUP: 1
100 -1 #SUP: 1
102 -1 #SUP: 1
103 -1 #SUP: 1
110 -1 #SUP: 1
111 -1 #SUP: 1
112 -1 #SUP: 1
139 -1 #SUP: 1
142 -1 #SUP: 1
143 -1 #SUP: 1
144 -1 #SUP: 1
145 -1 #SUP: 1
146 -1 #SUP: 1
148 -1 #SUP: 1
150 -1 #SUP: 1
151 -1 #SUP: 1
152 -1 #SUP: 1
153 -1 #SUP: 1
154 -1 #SUP: 1
155 -1 #SUP: 1
156 -1 #SUP: 4
157 -1 #SUP: 1
158 -1 #SUP: 1
159 -1 #SUP: 1
160 -1 #SUP: 1
161 -1 #SUP: 1
162 -1 #SUP: 1
163 -1 #SUP: 1
167 -1 #SUP: 1
168 -1 #SUP: 307
169 -1 #SUP: 307
170 -1 #SUP: 307
172 -1 #SUP: 1
175 -1 #SUP: 1
176 -1 #SUP: 1
177 -1 #SUP: 1
178 -1 #SUP: 1
179 -1 #SUP: 1
181 -1 #SUP: 307
182 -1 #SUP: 307
183 -1 #SUP: 307
184 -1 #SUP: 307
185 -1 #SUP: 100
186 -1 #SUP: 8
187 -1 #SUP: 1
188 -1 #SUP: 307
189 -1 #SUP: 307
190 -1 #SUP: 307
191 -1 #SUP: 307
194 -1 #SUP: 8
195 -1 #SUP: 8
196 -1 #SUP: 8
197 -1 #SUP: 8
198 -1 #SUP: 8
199 -1 #SUP: 307
200 -1 #SUP: 307
201 -1 #SUP: 307
202 -1 #SUP: 8
204 -1 #SUP: 168
205 -1 #SUP: 40
206 -1 #SUP: 122
207 -1 #SUP: 1
208 -1 #SUP: 1
210 -1 #SUP: 3
211 -1 #SUP: 3
212 -1 #SUP: 3
213 -1 #SUP: 3
214 -1 #SUP: 3
215 -1 #SUP: 3
216 -1 #SUP: 3
217 -1 #SUP: 3
218 -1 #SUP: 159
219 -1 #SUP: 3
220 -1 #SUP: 3
221 -1 #SUP: 3
222 -1 #SUP: 1
223 -1 #SUP: 109
224 -1 #SUP: 40
225 -1 #SUP: 152
226 -1 #SUP: 40
227 -1 #SUP: 1
228 -1 #SUP: 1
229 -1 #SUP: 307
231 -1 #SUP: 307
232 -1 #SUP: 307
233 -1 #SUP: 1
234 -1 #SUP: 2
235 -1 #SUP: 2
236 -1 #SUP: 1
237 -1 #SUP: 1
238 -1 #SUP: 1
239 -1 #SUP: 3
241 -1 #SUP: 3
242 -1 #SUP: 3
243 -1 #SUP: 3
244 -1 #SUP: 3
245 -1 #SUP: 3
246 -1 #SUP: 3
247 -1 #SUP: 3
248 -1 #SUP: 1
249 -1 #SUP: 2
251 -1 #SUP: 2
252 -1 #SUP: 2
253 -1 #SUP: 3
254 -1 #SUP: 2
255 -1 #SUP: 2
256 -1 #SUP: 2
257 -1 #SUP: 2
258 -1 #SUP: 3
260 -1 #SUP: 3
261 -1 #SUP: 306
262 -1 #SUP: 306
263 -1 #SUP: 306
264 -1 #SUP: 3
265 -1 #SUP: 306
266 -1 #SUP: 3
267 -1 #SUP: 1
268 -1 #SUP: 1
269 -1 #SUP: 4
270 -1 #SUP: 13
271 -1 #SUP: 4
272 -1 #SUP: 4
273 -1 #SUP: 2
274 -1 #SUP: 307
275 -1 #SUP: 307
276 -1 #SUP: 1
279 -1 #SUP: 1
280 -1 #SUP: 1
282 -1 #SUP: 1
283 -1 #SUP: 1
284 -1 #SUP: 42
287 -1 #SUP: 1
289 -1 #SUP: 1
292 -1 #SUP: 1
295 -1 #SUP: 350
299 -1 #SUP: 1
300 -1 #SUP: 1
301 -1 #SUP: 1
302 -1 #SUP: 1
303 -1 #SUP: 350
305 -1 #SUP: 350
308 -1 #SUP: 6
309 -1 #SUP: 6
310 -1 #SUP: 679
318 -1 #SUP: 306
322 -1 #SUP: 306
323 -1 #SUP: 306
325 -1 #SUP: 306
326 -1 #SUP: 306
327 -1 #SUP: 306
330 -1 #SUP: 306
331 -1 #SUP: 306
332 -1 #SUP: 306
334 -1 #SUP: 18
335 -1 #SUP: 12
336 -1 #SUP: 18
337 -1 #SUP: 306
338 -1 #SUP: 306
339 -1 #SUP: 283
340 -1 #SUP: 283
341 -1 #SUP: 18
342 -1 #SUP: 10
343 -1 #SUP: 6
345 -1 #SUP: 6
346 -1 #SUP: 13
347 -1 #SUP: 13
348 -1 #SUP: 10
349 -1 #SUP: 17
353 -1 #SUP: 12
354 -1 #SUP: 306
355 -1 #SUP: 12
356 -1 #SUP: 12
357 -1 #SUP: 12
359 -1 #SUP: 306
360 -1 #SUP: 306
361 -1 #SUP: 306
362 -1 #SUP: 306
363 -1 #SUP: 306
364 -1 #SUP: 306
365 -1 #SUP: 306
366 -1 #SUP: 306
367 -1 #SUP: 306
368 -1 #SUP: 306
369 -1 #SUP: 306
370 -1 #SUP: 306
371 -1 #SUP: 306
372 -1 #SUP: 306
373 -1 #SUP: 306
374 -1 #SUP: 306
375 -1 #SUP: 306
376 -1 #SUP: 306
377 -1 #SUP: 306
378 -1 #SUP: 306
379 -1 #SUP: 306
380 -1 #SUP: 306
381 -1 #SUP: 306
382 -1 #SUP: 306
383 -1 #SUP: 306
384 -1 #SUP: 306
385 -1 #SUP: 306
386 -1 #SUP: 306
387 -1 #SUP: 306
389 -1 #SUP: 306
390 -1 #SUP: 306
391 -1 #SUP: 306
392 -1 #SUP: 306
393 -1 #SUP: 306
394 -1 #SUP: 306
395 -1 #SUP: 306
396 -1 #SUP: 306
398 -1 #SUP: 306
399 -1 #SUP: 306
400 -1 #SUP: 306
401 -1 #SUP: 306
403 -1 #SUP: 8
404 -1 #SUP: 23
405 -1 #SUP: 6
406 -1 #SUP: 7
407 -1 #SUP: 6
411 -1 #SUP: 3
412 -1 #SUP: 167
414 -1 #SUP: 167
415 -1 #SUP: 3
416 -1 #SUP: 3
417 -1 #SUP: 3
418 -1 #SUP: 3
419 -1 #SUP: 3
420 -1 #SUP: 2
421 -1 #SUP: 6
422 -1 #SUP: 7
423 -1 #SUP: 6
424 -1 #SUP: 306
425 -1 #SUP: 306
426 -1 #SUP: 306
427 -1 #SUP: 306
428 -1 #SUP: 306
429 -1 #SUP: 306
430 -1 #SUP: 306
431 -1 #SUP: 306
432 -1 #SUP: 306
436 -1 #SUP: 306
437 -1 #SUP: 306
441 -1 #SUP: 306
442 -1 #SUP: 306
443 -1 #SUP: 306
444 -1 #SUP: 306
445 -1 #SUP: 306
446 -1 #SUP: 306
447 -1 #SUP: 13
448 -1 #SUP: 306
452 -1 #SUP: 350
453 -1 #SUP: 740
454 -1 #SUP: 46
455 -1 #SUP: 407
456 -1 #SUP: 289
460 -1 #SUP: 300
461 -1 #SUP: 305
462 -1 #SUP: 305
463 -1 #SUP: 305
464 -1 #SUP: 305
465 -1 #SUP: 305
466 -1 #SUP: 305
467 -1 #SUP: 305
468 -1 #SUP: 305
469 -1 #SUP: 305
471 -1 #SUP: 305
476 -1 #SUP: 289
478 -1 #SUP: 10
479 -1 #SUP: 10
480 -1 #SUP: 138
481 -1 #SUP: 141
482 -1 #SUP: 165
483 -1 #SUP: 165
484 -1 #SUP: 164
485 -1 #SUP: 164
486 -1 #SUP: 164
487 -1 #SUP: 163
488 -1 #SUP: 136
489 -1 #SUP: 136
490 -1 #SUP: 113
491 -1 #SUP: 113
492 -1 #SUP: 6
493 -1 #SUP: 89
494 -1 #SUP: 89
495 -1 #SUP: 74
496 -1 #SUP: 76
497 -1 #SUP: 74
498 -1 #SUP: 75
499 -1 #SUP: 75
500 -1 #SUP: 75
501 -1 #SUP: 79
502 -1 #SUP: 74
503 -1 #SUP: 74
504 -1 #SUP: 134
505 -1 #SUP: 74
506 -1 #SUP: 74
507 -1 #SUP: 305
508 -1 #SUP: 294
510 -1 #SUP: 293
511 -1 #SUP: 293
512 -1 #SUP: 293
513 -1 #SUP: 293
514 -1 #SUP: 274
515 -1 #SUP: 262
516 -1 #SUP: 262
517 -1 #SUP: 262
518 -1 #SUP: 103
519 -1 #SUP: 103
520 -1 #SUP: 139
521 -1 #SUP: 139
522 -1 #SUP: 150
523 -1 #SUP: 150
524 -1 #SUP: 156
525 -1 #SUP: 147
526 -1 #SUP: 147
527 -1 #SUP: 77
529 -1 #SUP: 1
530 -1 #SUP: 1
531 -1 #SUP: 1
532 -1 #SUP: 1
533 -1 #SUP: 1
534 -1 #SUP: 1
535 -1 #SUP: 1
536 -1 #SUP: 1
537 -1 #SUP: 1
538 -1 #SUP: 79
539 -1 #SUP: 77
541 -1 #SUP: 34
542 -1 #SUP: 34
543 -1 #SUP: 34
544 -1 #SUP: 34
545 -1 #SUP: 34
546 -1 #SUP: 34
547 -1 #SUP: 34
548 -1 #SUP: 34
549 -1 #SUP: 34
550 -1 #SUP: 60
551 -1 #SUP: 43
552 -1 #SUP: 34
553 -1 #SUP: 34
554 -1 #SUP: 34
555 -1 #SUP: 34
556 -1 #SUP: 34
557 -1 #SUP: 33
558 -1 #SUP: 33
559 -1 #SUP: 33
560 -1 #SUP: 33
561 -1 #SUP: 33
562 -1 #SUP: 55
563 -1 #SUP: 55
564 -1 #SUP: 38
565 -1 #SUP: 21
566 -1 #SUP: 64
567 -1 #SUP: 74
568 -1 #SUP: 74
569 -1 #SUP: 74
570 -1 #SUP: 74
571 -1 #SUP: 74
572 -1 #SUP: 77
573 -1 #SUP: 79
574 -1 #SUP: 79
575 -1 #SUP: 92
576 -1 #SUP: 77
577 -1 #SUP: 77
578 -1 #SUP: 74
579 -1 #SUP: 74
580 -1 #SUP: 74
581 -1 #SUP: 74
582 -1 #SUP: 74
583 -1 #SUP: 74
584 -1 #SUP: 74
585 -1 #SUP: 75
586 -1 #SUP: 75
587 -1 #SUP: 152
588 -1 #SUP: 108
589 -1 #SUP: 198
590 -1 #SUP: 198
591 -1 #SUP: 14
593 -1 #SUP: 73
595 -1 #SUP: 41
597 -1 #SUP: 12
598 -1 #SUP: 5
600 -1 #SUP: 7
601 -1 #SUP: 7
602 -1 #SUP: 7
603 -1 #SUP: 7
604 -1 #SUP: 7
605 -1 #SUP: 7
606 -1 #SUP: 7
607 -1 #SUP: 7
608 -1 #SUP: 7
609 -1 #SUP: 2
610 -1 #SUP: 2
611 -1 #SUP: 12
612 -1 #SUP: 2
613 -1 #SUP: 2
614 -1 #SUP: 8
615 -1 #SUP: 3
616 -1 #SUP: 3
617 -1 #SUP: 65
618 -1 #SUP: 8
620 -1 #SUP: 6
621 -1 #SUP: 6
622 -1 #SUP: 6
623 -1 #SUP: 2
624 -1 #SUP: 2
625 -1 #SUP: 3
626 -1 #SUP: 2
627 -1 #SUP: 2
628 -1 #SUP: 2
629 -1 #SUP: 2
630 -1 #SUP: 17
631 -1 #SUP: 17
632 -1 #SUP: 6
634 -1 #SUP: 12
635 -1 #SUP: 39
636 -1 #SUP: 39
639 -1 #SUP: 39
640 -1 #SUP: 39
642 -1 #SUP: 30
643 -1 #SUP: 29
644 -1 #SUP: 29
645 -1 #SUP: 29
646 -1 #SUP: 29
647 -1 #SUP: 14
648 -1 #SUP: 60
649 -1 #SUP: 1
650 -1 #SUP: 1
651 -1 #SUP: 1
652 -1 #SUP: 14
653 -1 #SUP: 34
654 -1 #SUP: 24
655 -1 #SUP: 24
656 -1 #SUP: 53
657 -1 #SUP: 38
658 -1 #SUP: 38
659 -1 #SUP: 40
660 -1 #SUP: 48
661 -1 #SUP: 34
662 -1 #SUP: 34
663 -1 #SUP: 34
664 -1 #SUP: 40
665 -1 #SUP: 14
666 -1 #SUP: 54
667 -1 #SUP: 55
668 -1 #SUP: 14
669 -1 #SUP: 33
670 -1 #SUP: 33
671 -1 #SUP: 51
672 -1 #SUP: 58
673 -1 #SUP: 33
674 -1 #SUP: 33
675 -1 #SUP: 47
676 -1 #SUP: 34
677 -1 #SUP: 33
679 -1 #SUP: 10
680 -1 #SUP: 10
681 -1 #SUP: 10
682 -1 #SUP: 10
684 -1 #SUP: 7
685 -1 #SUP: 7
686 -1 #SUP: 7
687 -1 #SUP: 1
689 -1 #SUP: 10
690 -1 #SUP: 1
691 -1 #SUP: 1
692 -1 #SUP: 1
693 -1 #SUP: 24
694 -1 #SUP: 9
695 -1 #SUP: 17
697 -1 #SUP: 4
698 -1 #SUP: 2
699 -1 #SUP: 38
700 -1 #SUP: 2
701 -1 #SUP: 2
702 -1 #SUP: 91
704 -1 #SUP: 6
705 -1 #SUP: 6
706 -1 #SUP: 20
707 -1 #SUP: 20
708 -1 #SUP: 20
709 -1 #SUP: 20
710 -1 #SUP: 6
711 -1 #SUP: 6
712 -1 #SUP: 6
713 -1 #SUP: 24
714 -1 #SUP: 9
715 -1 #SUP: 1
716 -1 #SUP: 1
717 -1 #SUP: 1
718 -1 #SUP: 23
719 -1 #SUP: 9
720 -1 #SUP: 9
721 -1 #SUP: 9
722 -1 #SUP: 23
723 -1 #SUP: 1
725 -1 #SUP: 11
726 -1 #SUP: 11
727 -1 #SUP: 1
728 -1 #SUP: 1
729 -1 #SUP: 3
730 -1 #SUP: 5
732 -1 #SUP: 1
733 -1 #SUP: 1
736 -1 #SUP: 1
737 -1 #SUP: 1
738 -1 #SUP: 10
739 -1 #SUP: 10
740 -1 #SUP: 1
741 -1 #SUP: 1
742 -1 #SUP: 1
743 -1 #SUP: 1
744 -1 #SUP: 1
745 -1 #SUP: 1
746 -1 #SUP: 1
747 -1 #SUP: 7
748 -1 #SUP: 1
749 -1 #SUP: 1
750 -1 #SUP: 1
751 -1 #SUP: 26
752 -1 #SUP: 1
753 -1 #SUP: 1
755 -1 #SUP: 9
756 -1 #SUP: 9
757 -1 #SUP: 9
758 -1 #SUP: 9
759 -1 #SUP: 9
760 -1 #SUP: 9
761 -1 #SUP: 9
762 -1 #SUP: 9
763 -1 #SUP: 9
764 -1 #SUP: 9
765 -1 #SUP: 9
766 -1 #SUP: 9
767 -1 #SUP: 9
768 -1 #SUP: 9
769 -1 #SUP: 9
770 -1 #SUP: 9
771 -1 #SUP: 9
772 -1 #SUP: 21
773 -1 #SUP: 9
774 -1 #SUP: 9
775 -1 #SUP: 9
776 -1 #SUP: 7
777 -1 #SUP: 15
778 -1 #SUP: 26
780 -1 #SUP: 29
781 -1 #SUP: 1
783 -1 #SUP: 8
784 -1 #SUP: 25
785 -1 #SUP: 8
786 -1 #SUP: 1
787 -1 #SUP: 1
788 -1 #SUP: 13
789 -1 #SUP: 8
790 -1 #SUP: 8
791 -1 #SUP: 13
792 -1 #SUP: 19
793 -1 #SUP: 9
794 -1 #SUP: 18
795 -1 #SUP: 4
796 -1 #SUP: 3
797 -1 #SUP: 8
798 -1 #SUP: 3
799 -1 #SUP: 8
800 -1 #SUP: 8
801 -1 #SUP: 3
804 -1 #SUP: 9
805 -1 #SUP: 8
806 -1 #SUP: 8
807 -1 #SUP: 8
808 -1 #SUP: 3
809 -1 #SUP: 8
810 -1 #SUP: 8
811 -1 #SUP: 7
812 -1 #SUP: 25
813 -1 #SUP: 20
814 -1 #SUP: 28
815 -1 #SUP: 15
816 -1 #SUP: 6
817 -1 #SUP: 6
818 -1 #SUP: 6
819 -1 #SUP: 15
820 -1 #SUP: 30
821 -1 #SUP: 6
822 -1 #SUP: 4
824 -1 #SUP: 32
825 -1 #SUP: 32
826 -1 #SUP: 16
827 -1 #SUP: 15
828 -1 #SUP: 10
829 -1 #SUP: 24
831 -1 #SUP: 1
832 -1 #SUP: 1
833 -1 #SUP: 2
834 -1 #SUP: 15
835 -1 #SUP: 15
836 -1 #SUP: 10
837 -1 #SUP: 10
839 -1 #SUP: 16
840 -1 #SUP: 5
841 -1 #SUP: 2
842 -1 #SUP: 5
843 -1 #SUP: 9
844 -1 #SUP: 8
846 -1 #SUP: 10
847 -1 #SUP: 10
848 -1 #SUP: 10
849 -1 #SUP: 10
850 -1 #SUP: 10
851 -1 #SUP: 8
852 -1 #SUP: 8
853 -1 #SUP: 10
854 -1 #SUP: 8
855 -1 #SUP: 22
856 -1 #SUP: 23
857 -1 #SUP: 9
859 -1 #SUP: 9
861 -1 #SUP: 4
862 -1 #SUP: 13
863 -1 #SUP: 62
864 -1 #SUP: 4
865 -1 #SUP: 5
867 -1 #SUP: 5
868 -1 #SUP: 5
869 -1 #SUP: 5
870 -1 #SUP: 5
871 -1 #SUP: 5
872 -1 #SUP: 5
873 -1 #SUP: 5
874 -1 #SUP: 5
875 -1 #SUP: 5
876 -1 #SUP: 5
877 -1 #SUP: 5
878 -1 #SUP: 5
879 -1 #SUP: 5
880 -1 #SUP: 5
881 -1 #SUP: 5
882 -1 #SUP: 5
883 -1 #SUP: 5
884 -1 #SUP: 5
885 -1 #SUP: 5
888 -1 #SUP: 3
889 -1 #SUP: 53
891 -1 #SUP: 9
893 -1 #SUP: 9
894 -1 #SUP: 9
895 -1 #SUP: 9
896 -1 #SUP: 9
897 -1 #SUP: 9
898 -1 #SUP: 9
899 -1 #SUP: 2
900 -1 #SUP: 9
901 -1 #SUP: 9
902 -1 #SUP: 2
903 -1 #SUP: 2
904 -1 #SUP: 2
905 -1 #SUP: 2
907 -1 #SUP: 2
908 -1 #SUP: 2
910 -1 #SUP: 2
911 -1 #SUP: 2
913 -1 #SUP: 2
914 -1 #SUP: 18
915 -1 #SUP: 18
916 -1 #SUP: 18
917 -1 #SUP: 2
920 -1 #SUP: 3
921 -1 #SUP: 3
922 -1 #SUP: 3
923 -1 #SUP: 3
924 -1 #SUP: 3
925 -1 #SUP: 3
926 -1 #SUP: 3
928 -1 #SUP: 3
929 -1 #SUP: 3
930 -1 #SUP: 3
931 -1 #SUP: 3
932 -1 #SUP: 3
933 -1 #SUP: 3
935 -1 #SUP: 4
936 -1 #SUP: 4
937 -1 #SUP: 4
938 -1 #SUP: 3
939 -1 #SUP: 3
940 -1 #SUP: 3
942 -1 #SUP: 3
943 -1 #SUP: 9
944 -1 #SUP: 9
945 -1 #SUP: 9
946 -1 #SUP: 6
947 -1 #SUP: 6
948 -1 #SUP: 3
949 -1 #SUP: 9
951 -1 #SUP: 2
952 -1 #SUP: 2
953 -1 #SUP: 2
954 -1 #SUP: 2
955 -1 #SUP: 2
956 -1 #SUP: 2
957 -1 #SUP: 2
959 -1 #SUP: 4
960 -1 #SUP: 4
961 -1 #SUP: 4
962 -1 #SUP: 4
963 -1 #SUP: 4
964 -1 #SUP: 4
965 -1 #SUP: 4
966 -1 #SUP: 2
967 -1 #SUP: 4
968 -1 #SUP: 4
969 -1 #SUP: 2
970 -1 #SUP: 2
971 -1 #SUP: 2
972 -1 #SUP: 2
973 -1 #SUP: 2
975 -1 #SUP: 3
977 -1 #SUP: 5
978 -1 #SUP: 5
979 -1 #SUP: 5
980 -1 #SUP: 5
981 -1 #SUP: 5
982 -1 #SUP: 14
983 -1 #SUP: 28
984 -1 #SUP: 2
985 -1 #SUP: 2
986 -1 #SUP: 3
987 -1 #SUP: 19
988 -1 #SUP: 19
989 -1 #SUP: 20
990 -1 #SUP: 19
991 -1 #SUP: 19
992 -1 #SUP: 14
993 -1 #SUP: 14
994 -1 #SUP: 1
995 -1 #SUP: 14
996 -1 #SUP: 1
997 -1 #SUP: 19
998 -1 #SUP: 14
999 -1 #SUP: 14
1000 -1 #SUP: 14
1001 -1 #SUP: 14
1002 -1 #SUP: 1
1003 -1 #SUP: 1
1004 -1 #SUP: 1
1005 -1 #SUP: 1
1006 -1 #SUP: 4
1007 -1 #SUP: 4
1009 -1 #SUP: 4
1010 -1 #SUP: 4
1011 -1 #SUP: 4
1015 -1 #SUP: 1
1016 -1 #SUP: 1
1017 -1 #SUP: 1
1018 -1 #SUP: 1
1019 -1 #SUP: 1
1020 -1 #SUP: 1
1021 -1 #SUP: 1
1022 -1 #SUP: 1
1023 -1 #SUP: 1
1024 -1 #SUP: 1
1025 -1 #SUP: 1
1026 -1 #SUP: 1
1027 -1 #SUP: 1
1030 -1 #SUP: 1
1031 -1 #SUP: 1
1032 -1 #SUP: 1
1033 -1 #SUP: 1
1035 -1 #SUP: 1
1036 -1 #SUP: 1
1037 -1 #SUP: 1
1038 -1 #SUP: 1
1039 -1 #SUP: 1
1040 -1 #SUP: 1
1041 -1 #SUP: 1
1042 -1 #SUP: 1
1043 -1 #SUP: 1
1044 -1 #SUP: 1
1045 -1 #SUP: 1
1047 -1 #SUP: 2
1048 -1 #SUP: 3
1049 -1 #SUP: 2
1050 -1 #SUP: 2
1051 -1 #SUP: 2
1052 -1 #SUP: 1
1054 -1 #SUP: 1
1056 -1 #SUP: 1
1060 -1 #SUP: 1
1061 -1 #SUP: 1
1062 -1 #SUP: 1
1063 -1 #SUP: 1
1064 -1 #SUP: 1
1065 -1 #SUP: 1
1066 -1 #SUP: 1
1067 -1 #SUP: 1
1068 -1 #SUP: 1
1069 -1 #SUP: 1
1070 -1 #SUP: 1
1071 -1 #SUP: 1
1072 -1 #SUP: 1
1073 -1 #SUP: 1
1074 -1 #SUP: 1
1075 -1 #SUP: 1
1077 -1 #SUP: 1
1079 -1 #SUP: 1
1080 -1 #SUP: 1
1081 -1 #SUP: 1
1082 -1 #SUP: 1
1083 -1 #SUP: 2
1085 -1 #SUP: 2
1086 -1 #SUP: 1
1087 -1 #SUP: 1
1089 -1 #SUP: 1
1090 -1 #SUP: 3
1091 -1 #SUP: 2
1092 -1 #SUP: 2
1093 -1 #SUP: 1
1094 -1 #SUP: 1
1096 -1 #SUP: 2
1097 -1 #SUP: 2
1098 -1 #SUP: 1
1099 -1 #SUP: 1
1100 -1 #SUP: 1
1101 -1 #SUP: 1
1103 -1 #SUP: 1
1104 -1 #SUP: 1
1105 -1 #SUP: 1
1108 -1 #SUP: 1
1109 -1 #SUP: 1
1110 -1 #SUP: 1
1111 -1 #SUP: 1
1114 -1 #SUP: 1
1115 -1 #SUP: 1
1116 -1 #SUP: 1
1117 -1 #SUP: 1
1118 -1 #SUP: 1
1119 -1 #SUP: 1
1120 -1 #SUP: 1
1121 -1 #SUP: 1
1122 -1 #SUP: 1
1123 -1 #SUP: 1
1124 -1 #SUP: 1
1125 -1 #SUP: 1
1126 -1 #SUP: 1
1127 -1 #SUP: 1
1128 -1 #SUP: 1
1129 -1 #SUP: 1
1130 -1 #SUP: 1
1131 -1 #SUP: 1
1132 -1 #SUP: 1
1133 -1 #SUP: 1
1134 -1 #SUP: 1
1135 -1 #SUP: 1
1136 -1 #SUP: 1
1137 -1 #SUP: 1
1138 -1 #SUP: 1
1139 -1 #SUP: 1
1140 -1 #SUP: 10
1141 -1 #SUP: 10
1143 -1 #SUP: 11
1145 -1 #SUP: 1
1147 -1 #SUP: 11
1148 -1 #SUP: 11
1149 -1 #SUP: 11
1150 -1 #SUP: 11
1151 -1 #SUP: 11
1152 -1 #SUP: 11
1153 -1 #SUP: 16
1154 -1 #SUP: 16
1155 -1 #SUP: 16
1156 -1 #SUP: 16
1157 -1 #SUP: 8
1158 -1 #SUP: 8
1159 -1 #SUP: 8
1160 -1 #SUP: 2
1161 -1 #SUP: 2
1162 -1 #SUP: 2
1163 -1 #SUP: 8
1164 -1 #SUP: 8
1165 -1 #SUP: 1
1166 -1 #SUP: 1
1167 -1 #SUP: 4
1168 -1 #SUP: 5
1170 -1 #SUP: 4
1171 -1 #SUP: 4
1172 -1 #SUP: 4
1173 -1 #SUP: 4
1174 -1 #SUP: 4
1175 -1 #SUP: 4
1176 -1 #SUP: 4
1177 -1 #SUP: 4
1178 -1 #SUP: 4
1179 -1 #SUP: 4
1180 -1 #SUP: 10
1181 -1 #SUP: 7
1182 -1 #SUP: 10
1183 -1 #SUP: 10
1184 -1 #SUP: 3
1185 -1 #SUP: 1
1186 -1 #SUP: 2
1187 -1 #SUP: 1
1188 -1 #SUP: 1
1189 -1 #SUP: 1
1190 -1 #SUP: 1
1191 -1 #SUP: 1
1192 -1 #SUP: 1
1193 -1 #SUP: 1
1194 -1 #SUP: 1
1195 -1 #SUP: 2
1196 -1 #SUP: 5
1197 -1 #SUP: 2
12 13 -1 #SUP: 728
12 32 -1 #SUP: 727
12 310 -1 #SUP: 679
12 453 -1 #SUP: 720
12 455 -1 #SUP: 407
13 32 -1 #SUP: 727
13 310 -1 #SUP: 679
13 453 -1 #SUP: 720
13 455 -1 #SUP: 407
32 310 -1 #SUP: 679
32 453 -1 #SUP: 720
32 455 -1 #SUP: 407
310 453 -1 #SUP: 674
310 455 -1 #SUP: 407
453 455 -1 #SUP: 403
12 13 32 -1 #SUP: 727
12 13 310 -1 #SUP: 679
12 13 453 -1 #SUP: 720
12 13 455 -1 #SUP: 407
12 32 310 -1 #SUP: 679
12 32 453 -1 #SUP: 720
12 32 455 -1 #SUP: 407
12 310 453 -1 #SUP: 674
12 310 455 -1 #SUP: 407
12 453 455 -1 #SUP: 403
13 32 310 -1 #SUP: 679
13 32 453 -1 #SUP: 720
13 32 455 -1 #SUP: 407
13 310 453 -1 #SUP: 674
13 310 455 -1 #SUP: 407
13 453 455 -1 #SUP: 403
32 310 453 -1 #SUP: 674
32 310 455 -1 #SUP: 407
32 453 455 -1 #SUP: 403
310 453 455 -1 #SUP: 403
12 13 32 310 -1 #SUP: 679
12 13 32 453 -1 #SUP: 720
12 13 32 455 -1 #SUP: 407
12 13 310 453 -1 #SUP: 674
12 13 310 455 -1 #SUP: 407
12 13 453 455 -1 #SUP: 403
12 32 310 453 -1 #SUP: 674
12 32 310 455 -1 #SUP: 407
12 32 453 455 -1 #SUP: 403
12 310 453 455 -1 #SUP: 403
13 32 310 453 -1 #SUP: 674
13 32 310 455 -1 #SUP: 407
13 32 453 455 -1 #SUP: 403
13 310 453 455 -1 #SUP: 403
32 310 453 455 -1 #SUP: 403
12 13 32 310 453 -1 #SUP: 674
12 13 32 310 455 -1 #SUP: 407
12 13 32 453 455 -1 #SUP: 403
12 13 310 453 455 -1 #SUP: 403
12 32 310 453 455 -1 #SUP: 403
13 32 310 453 455 -1 #SUP: 403
12 13 32 310 453 455 -1 #SUP: 403
